,X1,X2,X3,X4,X5
0,1.0,3.0,3.0,4.0,*
1,1.0,1.0,1.0,2.0,*
2,2.0,1.0,*,3.0,*
3,1.0,4.0,*,1.0,*
4,3.0,3.0,2.0,4.0,*
5,3.0,4.0,2.0,3.0,3.0
6,4.0,3.0,*,3.0,*
7,3.0,1.0,1.0,3.0,*
8,4.0,4.0,2.0,3.0,*
9,3.0,1.0,1.0,3.0,3.0
10,*,*,*,*,*
11,1.0,3.0,1.0,4.0,3.0
12,4.0,3.0,1.0,4.0,*
13,3.0,1.0,1.0,2.0,*
14,1.0,*,*,1.0,*
15,*,*,*,*,*
16,1.0,3.0,*,4.0,*
17,1.0,1.0,2.0,3.0,*
18,3.0,3.0,2.0,3.0,1.0
19,1.0,1.0,1.0,4.0,*
20,2.0,2.0,*,1.0,*
21,4.0,1.0,*,1.0,*
22,1.0,*,*,3.0,*
23,4.0,1.0,3.0,2.0,3.0
24,*,*,*,3.0,*
25,1.0,2.0,3.0,1.0,3.0
26,1.0,1.0,*,2.0,*
27,1.0,2.0,3.0,3.0,1.0
28,3.0,3.0,3.0,1.0,*
29,1.0,3.0,4.0,3.0,3.0
30,3.0,4.0,*,2.0,*
31,4.0,*,*,1.0,*
32,3.0,*,*,4.0,*
33,1.0,1.0,1.0,1.0,*
34,1.0,3.0,3.0,3.0,*
35,3.0,3.0,*,3.0,*
36,1.0,3.0,3.0,3.0,4.0
37,*,*,*,3.0,*
38,4.0,3.0,*,1.0,*
39,2.0,4.0,3.0,3.0,*
40,1.0,3.0,1.0,3.0,*
41,1.0,3.0,*,1.0,*
42,1.0,1.0,*,1.0,*
43,*,*,*,*,*
44,1.0,4.0,*,3.0,*
45,3.0,3.0,1.0,1.0,*
46,1.0,4.0,3.0,3.0,1.0
47,4.0,1.0,3.0,1.0,1.0
48,1.0,1.0,1.0,3.0,*
49,1.0,3.0,1.0,3.0,*
50,4.0,3.0,*,4.0,*
51,1.0,3.0,*,1.0,*
52,3.0,3.0,3.0,1.0,2.0
53,4.0,3.0,2.0,1.0,3.0
54,2.0,3.0,3.0,1.0,*
55,3.0,3.0,3.0,1.0,3.0
56,3.0,2.0,4.0,3.0,3.0
57,*,*,*,*,*
58,3.0,1.0,1.0,1.0,3.0
59,2.0,2.0,3.0,2.0,3.0
60,1.0,2.0,3.0,3.0,1.0
61,2.0,4.0,*,4.0,*
62,3.0,2.0,2.0,3.0,*
63,3.0,3.0,3.0,1.0,3.0
64,1.0,2.0,2.0,3.0,*
65,*,*,*,*,*
66,1.0,3.0,*,1.0,*
67,1.0,3.0,*,2.0,*
68,3.0,2.0,*,1.0,*
69,3.0,1.0,*,1.0,*
70,3.0,1.0,3.0,1.0,*
71,1.0,2.0,3.0,3.0,1.0
72,*,*,*,4.0,*
73,2.0,3.0,1.0,3.0,*
74,3.0,3.0,2.0,1.0,1.0
75,3.0,2.0,3.0,3.0,*
76,1.0,1.0,*,1.0,*
77,1.0,1.0,1.0,4.0,*
78,1.0,3.0,*,1.0,*
79,3.0,4.0,*,2.0,*
80,1.0,2.0,2.0,3.0,*
81,1.0,3.0,3.0,4.0,*
82,3.0,2.0,1.0,3.0,*
83,2.0,1.0,2.0,1.0,*
84,4.0,3.0,*,4.0,*
85,4.0,3.0,*,2.0,*
86,3.0,1.0,*,1.0,*
87,3.0,3.0,1.0,3.0,2.0
88,2.0,3.0,3.0,1.0,*
89,1.0,3.0,3.0,1.0,*
90,2.0,1.0,*,4.0,*
91,3.0,3.0,*,2.0,*
92,1.0,4.0,*,4.0,*
93,1.0,3.0,3.0,1.0,*
94,3.0,3.0,2.0,3.0,*
95,2.0,4.0,*,2.0,*
96,2.0,2.0,3.0,3.0,*
97,2.0,3.0,2.0,1.0,1.0
98,3.0,*,*,1.0,*
99,3.0,3.0,3.0,3.0,1.0
100,3.0,4.0,2.0,3.0,3.0
101,2.0,2.0,3.0,2.0,*
102,3.0,3.0,3.0,2.0,*
103,1.0,3.0,4.0,3.0,*
104,1.0,1.0,2.0,3.0,*
105,1.0,2.0,1.0,3.0,2.0
106,1.0,3.0,1.0,3.0,*
107,3.0,2.0,2.0,3.0,3.0
108,1.0,1.0,1.0,1.0,*
109,3.0,3.0,*,2.0,*
110,3.0,3.0,3.0,3.0,3.0
111,2.0,2.0,4.0,3.0,*
112,1.0,2.0,3.0,1.0,3.0
113,1.0,2.0,1.0,2.0,*
114,4.0,3.0,*,1.0,*
115,2.0,1.0,*,2.0,*
116,2.0,4.0,*,2.0,*
117,*,*,*,*,*
118,3.0,1.0,3.0,3.0,*
119,1.0,1.0,1.0,3.0,*
120,1.0,1.0,*,4.0,*
121,3.0,1.0,2.0,4.0,*
122,*,*,*,2.0,*
123,2.0,3.0,1.0,1.0,3.0
124,3.0,3.0,3.0,4.0,*
125,2.0,4.0,*,2.0,*
126,1.0,1.0,1.0,3.0,3.0
127,1.0,1.0,*,2.0,*
128,1.0,1.0,*,1.0,*
129,1.0,3.0,*,2.0,*
130,3.0,4.0,*,2.0,*
131,3.0,3.0,3.0,1.0,2.0
132,3.0,3.0,1.0,1.0,*
133,3.0,*,*,3.0,*
134,4.0,*,*,2.0,*
135,1.0,3.0,1.0,3.0,*
136,4.0,*,*,1.0,*
137,1.0,1.0,1.0,3.0,*
138,3.0,1.0,3.0,3.0,1.0
139,3.0,3.0,3.0,1.0,3.0
140,3.0,1.0,*,4.0,*
141,2.0,*,*,2.0,*
142,3.0,1.0,1.0,3.0,*
143,2.0,1.0,*,2.0,*
144,*,*,*,*,*
145,2.0,3.0,3.0,1.0,*
146,3.0,1.0,3.0,3.0,3.0
147,1.0,3.0,1.0,2.0,*
148,1.0,3.0,2.0,3.0,*
149,2.0,1.0,*,2.0,*
150,3.0,1.0,1.0,1.0,*
151,3.0,3.0,*,3.0,*
152,4.0,4.0,*,3.0,*
153,3.0,3.0,3.0,4.0,*
154,*,*,*,2.0,*
155,1.0,3.0,*,2.0,*
156,3.0,3.0,1.0,4.0,*
157,3.0,2.0,*,3.0,*
158,3.0,3.0,3.0,3.0,1.0
159,4.0,3.0,1.0,3.0,*
160,3.0,2.0,4.0,3.0,3.0
161,*,*,*,1.0,*
162,1.0,3.0,3.0,3.0,4.0
163,3.0,3.0,*,2.0,*
164,3.0,*,*,2.0,*
165,3.0,1.0,*,3.0,*
166,3.0,*,*,1.0,*
167,1.0,1.0,1.0,3.0,3.0
168,3.0,1.0,3.0,3.0,3.0
169,3.0,3.0,*,3.0,*
170,2.0,1.0,*,2.0,*
171,3.0,4.0,3.0,3.0,*
172,3.0,2.0,3.0,3.0,*
173,3.0,2.0,3.0,3.0,*
174,1.0,3.0,2.0,2.0,*
175,2.0,3.0,*,2.0,*
176,3.0,1.0,1.0,2.0,*
177,3.0,4.0,*,2.0,*
178,3.0,1.0,3.0,3.0,3.0
179,3.0,1.0,3.0,3.0,3.0
180,3.0,3.0,1.0,1.0,*
181,2.0,2.0,*,3.0,*
182,3.0,1.0,3.0,3.0,1.0
183,2.0,*,*,1.0,*
184,3.0,2.0,*,1.0,*
185,3.0,1.0,3.0,1.0,*
186,3.0,3.0,*,2.0,*
187,*,*,*,1.0,*
188,1.0,3.0,2.0,2.0,*
189,3.0,3.0,*,1.0,*
190,4.0,*,*,4.0,*
191,3.0,*,*,3.0,*
192,3.0,4.0,3.0,1.0,*
193,2.0,3.0,3.0,1.0,*
194,1.0,3.0,4.0,3.0,3.0
195,1.0,3.0,1.0,4.0,1.0
196,3.0,4.0,3.0,3.0,*
197,4.0,3.0,2.0,1.0,3.0
198,2.0,1.0,1.0,1.0,*
199,3.0,3.0,2.0,3.0,2.0
200,2.0,2.0,3.0,2.0,3.0
201,1.0,3.0,1.0,2.0,*
202,4.0,1.0,1.0,1.0,*
203,*,*,*,*,*
204,4.0,1.0,3.0,1.0,1.0
205,2.0,1.0,1.0,1.0,*
206,1.0,3.0,*,1.0,*
207,1.0,2.0,1.0,3.0,*
208,3.0,1.0,*,1.0,*
209,3.0,1.0,*,3.0,*
210,3.0,4.0,2.0,3.0,*
211,3.0,*,*,3.0,*
212,2.0,4.0,*,4.0,*
213,2.0,1.0,*,1.0,*
214,2.0,1.0,1.0,1.0,*
215,3.0,1.0,*,3.0,*
216,3.0,3.0,2.0,3.0,2.0
217,1.0,*,*,4.0,*
218,3.0,2.0,*,2.0,*
219,1.0,1.0,1.0,3.0,*
220,3.0,3.0,2.0,3.0,2.0
221,3.0,1.0,4.0,3.0,*
222,3.0,3.0,3.0,2.0,*
223,*,*,*,*,*
224,3.0,1.0,2.0,1.0,1.0
225,1.0,2.0,1.0,2.0,*
226,*,*,*,2.0,*
227,1.0,3.0,*,1.0,*
228,2.0,1.0,3.0,3.0,*
229,1.0,1.0,*,1.0,*
230,4.0,1.0,3.0,2.0,3.0
231,4.0,3.0,1.0,3.0,*
232,2.0,1.0,4.0,3.0,*
233,1.0,2.0,2.0,3.0,*
234,3.0,1.0,3.0,1.0,*
235,3.0,1.0,3.0,3.0,1.0
236,*,*,*,3.0,*
237,2.0,1.0,4.0,3.0,*
238,1.0,*,*,3.0,*
239,1.0,2.0,1.0,3.0,2.0
240,1.0,3.0,1.0,3.0,*
241,3.0,1.0,1.0,3.0,*
242,3.0,3.0,3.0,1.0,3.0
243,3.0,3.0,3.0,1.0,2.0
244,1.0,3.0,*,1.0,*
245,4.0,3.0,3.0,3.0,1.0
246,1.0,2.0,1.0,1.0,3.0
247,1.0,2.0,*,2.0,*
248,3.0,3.0,2.0,2.0,3.0
249,2.0,3.0,1.0,1.0,3.0
250,3.0,1.0,1.0,1.0,1.0
251,1.0,1.0,1.0,2.0,*
252,4.0,*,*,3.0,*
253,3.0,1.0,1.0,3.0,3.0
254,1.0,2.0,3.0,3.0,*
255,4.0,3.0,3.0,3.0,1.0
256,4.0,1.0,*,1.0,*
257,3.0,1.0,*,3.0,*
258,3.0,3.0,1.0,3.0,3.0
259,3.0,3.0,2.0,3.0,2.0
260,3.0,1.0,3.0,4.0,*
261,*,*,*,*,*
262,3.0,3.0,3.0,3.0,3.0
263,1.0,2.0,3.0,1.0,3.0
264,*,*,*,1.0,*
265,1.0,1.0,*,2.0,*
266,2.0,4.0,2.0,3.0,*
267,3.0,1.0,3.0,4.0,*
268,2.0,4.0,*,3.0,*
269,3.0,3.0,2.0,2.0,*
270,2.0,3.0,*,4.0,*
271,2.0,3.0,1.0,3.0,*
272,*,*,*,3.0,*
273,3.0,3.0,1.0,3.0,3.0
274,1.0,1.0,1.0,3.0,3.0
275,1.0,3.0,2.0,2.0,*
276,2.0,1.0,2.0,1.0,*
277,*,*,*,3.0,*
278,3.0,2.0,3.0,3.0,*
279,2.0,1.0,3.0,3.0,3.0
280,1.0,4.0,3.0,3.0,1.0
281,2.0,*,*,4.0,*
282,3.0,2.0,2.0,3.0,3.0
283,3.0,3.0,3.0,3.0,3.0
284,3.0,2.0,4.0,3.0,3.0
285,*,*,*,*,*
286,3.0,3.0,1.0,4.0,*
287,1.0,2.0,*,1.0,*
288,1.0,1.0,1.0,3.0,3.0
289,3.0,1.0,3.0,3.0,1.0
290,4.0,1.0,1.0,1.0,*
291,1.0,2.0,2.0,3.0,*
292,3.0,1.0,4.0,4.0,*
293,*,*,*,4.0,*
294,1.0,1.0,1.0,3.0,3.0
295,3.0,2.0,1.0,2.0,*
296,1.0,2.0,3.0,3.0,*
297,2.0,3.0,*,4.0,*
298,4.0,3.0,2.0,1.0,3.0
299,1.0,3.0,*,1.0,*
300,3.0,3.0,3.0,1.0,3.0
301,3.0,3.0,1.0,3.0,2.0
302,3.0,3.0,1.0,1.0,*
303,4.0,4.0,2.0,3.0,*
304,1.0,1.0,*,2.0,*
305,1.0,1.0,1.0,2.0,*
306,2.0,3.0,*,3.0,*
307,1.0,1.0,*,1.0,*
308,*,*,*,*,*
309,3.0,4.0,*,1.0,*
310,3.0,4.0,2.0,1.0,3.0
311,*,*,*,3.0,*
312,3.0,*,*,3.0,*
313,4.0,1.0,*,2.0,*
314,3.0,1.0,4.0,3.0,3.0
315,1.0,3.0,1.0,2.0,*
316,2.0,*,*,4.0,*
317,3.0,1.0,3.0,3.0,1.0
318,3.0,1.0,3.0,1.0,*
319,1.0,4.0,*,3.0,*
320,3.0,1.0,1.0,3.0,3.0
321,2.0,3.0,3.0,2.0,*
322,4.0,*,*,1.0,*
323,1.0,*,*,4.0,*
324,3.0,1.0,*,3.0,*
325,4.0,1.0,*,1.0,*
326,1.0,3.0,3.0,1.0,*
327,3.0,3.0,2.0,4.0,*
328,2.0,3.0,*,2.0,*
329,2.0,3.0,2.0,1.0,1.0
330,3.0,3.0,3.0,1.0,1.0
331,1.0,3.0,1.0,2.0,*
332,2.0,4.0,3.0,3.0,*
333,4.0,1.0,1.0,1.0,*
334,2.0,2.0,3.0,3.0,*
335,*,*,*,3.0,*
336,2.0,1.0,*,4.0,*
337,3.0,2.0,3.0,3.0,*
338,2.0,3.0,3.0,2.0,1.0
339,3.0,3.0,*,1.0,*
340,2.0,1.0,2.0,3.0,1.0
341,*,*,*,*,*
342,3.0,3.0,3.0,1.0,3.0
343,4.0,*,*,4.0,*
344,2.0,1.0,*,1.0,*
345,3.0,3.0,*,3.0,*
346,1.0,4.0,*,1.0,*
347,2.0,2.0,*,3.0,*
348,3.0,2.0,2.0,3.0,*
349,3.0,4.0,3.0,1.0,1.0
350,4.0,3.0,1.0,3.0,*
351,3.0,*,*,4.0,*
352,3.0,1.0,3.0,3.0,3.0
353,3.0,1.0,3.0,2.0,*
354,3.0,*,*,1.0,*
355,2.0,*,*,3.0,*
356,1.0,3.0,3.0,3.0,*
357,2.0,*,*,4.0,*
358,1.0,2.0,1.0,3.0,2.0
359,1.0,3.0,2.0,3.0,*
360,4.0,3.0,3.0,3.0,*
361,3.0,1.0,4.0,3.0,3.0
362,2.0,1.0,2.0,1.0,*
363,3.0,3.0,1.0,3.0,3.0
364,2.0,3.0,3.0,1.0,*
365,3.0,3.0,3.0,3.0,3.0
366,1.0,2.0,3.0,3.0,1.0
367,3.0,3.0,3.0,1.0,3.0
368,*,*,*,*,*
369,3.0,1.0,3.0,1.0,*
370,1.0,3.0,1.0,3.0,*
371,1.0,2.0,*,2.0,*
372,*,*,*,3.0,*
373,2.0,1.0,3.0,3.0,3.0
374,1.0,4.0,*,1.0,*
375,3.0,3.0,3.0,3.0,3.0
376,3.0,3.0,1.0,1.0,*
377,1.0,*,*,3.0,*
378,3.0,*,*,3.0,*
379,1.0,*,*,3.0,*
380,3.0,2.0,*,1.0,*
381,3.0,4.0,3.0,3.0,*
382,4.0,3.0,*,2.0,*
383,3.0,4.0,3.0,1.0,1.0
384,2.0,2.0,*,1.0,*
385,4.0,*,*,3.0,*
386,3.0,1.0,3.0,3.0,*
387,4.0,*,*,2.0,*
388,2.0,2.0,4.0,3.0,*
389,2.0,2.0,*,1.0,*
390,3.0,3.0,2.0,1.0,1.0
391,3.0,3.0,1.0,3.0,3.0
392,3.0,3.0,3.0,4.0,*
393,1.0,3.0,*,2.0,*
394,2.0,4.0,*,3.0,*
395,2.0,3.0,*,3.0,*
396,3.0,3.0,2.0,3.0,1.0
397,4.0,3.0,*,3.0,*
398,3.0,1.0,3.0,2.0,*
399,3.0,1.0,4.0,3.0,3.0
400,3.0,1.0,2.0,4.0,*
401,3.0,3.0,3.0,4.0,*
402,3.0,1.0,2.0,1.0,1.0
403,4.0,*,*,4.0,*
404,1.0,4.0,*,4.0,*
405,2.0,2.0,3.0,2.0,3.0
406,2.0,1.0,*,1.0,*
407,3.0,3.0,3.0,2.0,*
408,1.0,3.0,3.0,3.0,*
409,3.0,2.0,1.0,3.0,*
410,4.0,3.0,1.0,3.0,*
411,3.0,1.0,2.0,1.0,*
412,3.0,4.0,3.0,1.0,*
413,*,*,*,2.0,*
414,3.0,2.0,1.0,3.0,*
415,1.0,3.0,1.0,3.0,*
416,1.0,4.0,3.0,3.0,*
417,2.0,*,*,2.0,*
418,1.0,1.0,*,3.0,*
419,*,*,*,*,*
420,3.0,*,*,3.0,*
421,1.0,2.0,3.0,1.0,*
422,2.0,2.0,*,3.0,*
423,3.0,4.0,2.0,1.0,*
424,3.0,3.0,1.0,3.0,*
425,1.0,1.0,*,2.0,*
426,1.0,2.0,2.0,3.0,*
427,1.0,3.0,3.0,3.0,*
428,3.0,2.0,3.0,3.0,*
429,3.0,1.0,1.0,2.0,*
430,2.0,3.0,3.0,2.0,*
431,1.0,1.0,*,2.0,*
432,3.0,1.0,3.0,3.0,*
433,3.0,1.0,1.0,1.0,3.0
434,3.0,2.0,1.0,2.0,*
435,3.0,4.0,2.0,1.0,3.0
436,*,*,*,*,*
437,4.0,*,*,3.0,*
438,3.0,3.0,1.0,3.0,3.0
439,3.0,1.0,3.0,4.0,*
440,3.0,3.0,3.0,3.0,*
441,3.0,3.0,1.0,4.0,*
442,3.0,3.0,1.0,3.0,*
443,1.0,1.0,*,4.0,*
444,2.0,1.0,*,2.0,*
445,4.0,3.0,3.0,3.0,*
446,1.0,3.0,3.0,4.0,*
447,3.0,1.0,1.0,2.0,1.0
448,1.0,3.0,1.0,3.0,*
449,1.0,3.0,1.0,4.0,3.0
450,*,*,*,*,*
451,2.0,1.0,3.0,3.0,*
452,3.0,1.0,4.0,4.0,*
453,4.0,1.0,3.0,1.0,1.0
454,3.0,1.0,*,2.0,*
455,2.0,1.0,*,2.0,*
456,1.0,3.0,2.0,2.0,*
457,3.0,3.0,3.0,1.0,1.0
458,3.0,3.0,1.0,1.0,*
459,1.0,1.0,*,4.0,*
460,3.0,3.0,3.0,1.0,3.0
461,3.0,4.0,*,1.0,*
462,1.0,1.0,1.0,1.0,*
463,3.0,3.0,2.0,1.0,*
464,3.0,4.0,3.0,1.0,1.0
465,3.0,1.0,2.0,1.0,*
466,2.0,3.0,3.0,2.0,1.0
467,4.0,1.0,1.0,1.0,*
468,2.0,4.0,*,3.0,*
469,3.0,3.0,2.0,2.0,*
470,*,*,*,3.0,*
471,4.0,4.0,2.0,3.0,*
472,2.0,1.0,2.0,3.0,1.0
473,3.0,*,*,3.0,*
474,3.0,1.0,1.0,3.0,3.0
475,2.0,2.0,*,1.0,*
476,4.0,3.0,1.0,4.0,*
477,1.0,4.0,*,3.0,*
478,1.0,3.0,3.0,3.0,*
479,1.0,3.0,3.0,3.0,*
480,1.0,3.0,1.0,4.0,1.0
481,1.0,1.0,1.0,4.0,*
482,3.0,3.0,2.0,2.0,*
483,3.0,*,*,1.0,*
484,1.0,2.0,*,2.0,*
485,3.0,1.0,1.0,2.0,1.0
486,3.0,4.0,3.0,1.0,*
487,3.0,3.0,2.0,2.0,3.0
488,1.0,1.0,1.0,2.0,*
489,2.0,1.0,*,2.0,*
490,1.0,1.0,1.0,1.0,*
491,3.0,3.0,3.0,3.0,*
492,1.0,2.0,1.0,1.0,3.0
493,*,*,*,3.0,*
494,*,*,*,*,*
495,*,*,*,3.0,*
496,3.0,1.0,1.0,1.0,1.0
497,2.0,4.0,2.0,3.0,*
498,3.0,3.0,2.0,3.0,*
499,1.0,2.0,1.0,2.0,*
